No files changed, compilation skipped

╭----------------------------------------------------------------------------------+------------------+-------------------+--------------------+---------------------╮
| Contract                                                                         | Runtime Size (B) | Initcode Size (B) | Runtime Margin (B) | Initcode Margin (B) |
+====================================================================================================================================================================+
| Address                                                                          | 57               | 85                | 24,519             | 49,067              |
|----------------------------------------------------------------------------------+------------------+-------------------+--------------------+---------------------|
| Arrays                                                                           | 57               | 85                | 24,519             | 49,067              |
|----------------------------------------------------------------------------------+------------------+-------------------+--------------------+---------------------|
| Checkpoints (lib/core/src/contracts/libraries/Checkpoints.sol)                   | 57               | 85                | 24,519             | 49,067              |
|----------------------------------------------------------------------------------+------------------+-------------------+--------------------+---------------------|
| Checkpoints (lib/openzeppelin-contracts/contracts/utils/structs/Checkpoints.sol) | 57               | 85                | 24,519             | 49,067              |
|----------------------------------------------------------------------------------+------------------+-------------------+--------------------+---------------------|
| CircularBuffer                                                                   | 57               | 85                | 24,519             | 49,067              |
|----------------------------------------------------------------------------------+------------------+-------------------+--------------------+---------------------|
| Comparators                                                                      | 57               | 85                | 24,519             | 49,067              |
|----------------------------------------------------------------------------------+------------------+-------------------+--------------------+---------------------|
| Create2                                                                          | 57               | 85                | 24,519             | 49,067              |
|----------------------------------------------------------------------------------+------------------+-------------------+--------------------+---------------------|
| ERC4626Math                                                                      | 57               | 85                | 24,519             | 49,067              |
|----------------------------------------------------------------------------------+------------------+-------------------+--------------------+---------------------|
| Errors                                                                           | 57               | 85                | 24,519             | 49,067              |
|----------------------------------------------------------------------------------+------------------+-------------------+--------------------+---------------------|
| FakeDelegator                                                                    | 491              | 664               | 24,085             | 48,488              |
|----------------------------------------------------------------------------------+------------------+-------------------+--------------------+---------------------|
| FeeOnTransferToken                                                               | 1,748            | 2,695             | 22,828             | 46,457              |
|----------------------------------------------------------------------------------+------------------+-------------------+--------------------+---------------------|
| FullRestakeDecreaseHook                                                          | 923              | 949               | 23,653             | 48,203              |
|----------------------------------------------------------------------------------+------------------+-------------------+--------------------+---------------------|
| FullRestakeDelegator                                                             | 10,867           | 11,329            | 13,709             | 37,823              |
|----------------------------------------------------------------------------------+------------------+-------------------+--------------------+---------------------|
| FullRestakeResetHook                                                             | 1,530            | 1,718             | 23,046             | 47,434              |
|----------------------------------------------------------------------------------+------------------+-------------------+--------------------+---------------------|
| Math                                                                             | 57               | 85                | 24,519             | 49,067              |
|----------------------------------------------------------------------------------+------------------+-------------------+--------------------+---------------------|
| NetworkRestakeDecreaseHook                                                       | 1,916            | 1,942             | 22,660             | 47,210              |
|----------------------------------------------------------------------------------+------------------+-------------------+--------------------+---------------------|
| NetworkRestakeDelegator                                                          | 11,367           | 11,829            | 13,209             | 37,323              |
|----------------------------------------------------------------------------------+------------------+-------------------+--------------------+---------------------|
| NetworkRestakeRedistributeHook                                                   | 1,985            | 2,011             | 22,591             | 47,141              |
|----------------------------------------------------------------------------------+------------------+-------------------+--------------------+---------------------|
| NetworkRestakeResetHook                                                          | 1,529            | 1,717             | 23,047             | 47,435              |
|----------------------------------------------------------------------------------+------------------+-------------------+--------------------+---------------------|
| OperatorSpecificDecreaseHook                                                     | 678              | 704               | 23,898             | 48,448              |
|----------------------------------------------------------------------------------+------------------+-------------------+--------------------+---------------------|
| OperatorSpecificDelegator                                                        | 10,241           | 10,736            | 14,335             | 38,416              |
|----------------------------------------------------------------------------------+------------------+-------------------+--------------------+---------------------|
| OperatorSpecificResetHook                                                        | 1,499            | 1,687             | 23,077             | 47,465              |
|----------------------------------------------------------------------------------+------------------+-------------------+--------------------+---------------------|
| Panic                                                                            | 57               | 85                | 24,519             | 49,067              |
|----------------------------------------------------------------------------------+------------------+-------------------+--------------------+---------------------|
| SafeCast                                                                         | 57               | 85                | 24,519             | 49,067              |
|----------------------------------------------------------------------------------+------------------+-------------------+--------------------+---------------------|
| SafeERC20                                                                        | 57               | 85                | 24,519             | 49,067              |
|----------------------------------------------------------------------------------+------------------+-------------------+--------------------+---------------------|
| SignedMath                                                                       | 57               | 85                | 24,519             | 49,067              |
|----------------------------------------------------------------------------------+------------------+-------------------+--------------------+---------------------|
| Slasher                                                                          | 7,355            | 7,744             | 17,221             | 41,408              |
|----------------------------------------------------------------------------------+------------------+-------------------+--------------------+---------------------|
| SlotDerivation                                                                   | 57               | 85                | 24,519             | 49,067              |
|----------------------------------------------------------------------------------+------------------+-------------------+--------------------+---------------------|
| StorageSlot                                                                      | 57               | 85                | 24,519             | 49,067              |
|----------------------------------------------------------------------------------+------------------+-------------------+--------------------+---------------------|
| Strings                                                                          | 57               | 85                | 24,519             | 49,067              |
|----------------------------------------------------------------------------------+------------------+-------------------+--------------------+---------------------|
| Subnetwork                                                                       | 57               | 85                | 24,519             | 49,067              |
|----------------------------------------------------------------------------------+------------------+-------------------+--------------------+---------------------|
| SymbioticCoreBytecode                                                            | 57               | 85                | 24,519             | 49,067              |
|----------------------------------------------------------------------------------+------------------+-------------------+--------------------+---------------------|
| SymbioticCoreConstants                                                           | 57               | 85                | 24,519             | 49,067              |
|----------------------------------------------------------------------------------+------------------+-------------------+--------------------+---------------------|
| SymbioticHooksConstants                                                          | 57               | 85                | 24,519             | 49,067              |
|----------------------------------------------------------------------------------+------------------+-------------------+--------------------+---------------------|
| SymbioticUtils                                                                   | 116              | 143               | 24,460             | 49,009              |
|----------------------------------------------------------------------------------+------------------+-------------------+--------------------+---------------------|
| Time                                                                             | 57               | 85                | 24,519             | 49,067              |
|----------------------------------------------------------------------------------+------------------+-------------------+--------------------+---------------------|
| Token                                                                            | 1,637            | 2,584             | 22,939             | 46,568              |
|----------------------------------------------------------------------------------+------------------+-------------------+--------------------+---------------------|
| Vault                                                                            | 18,710           | 19,071            | 5,866              | 30,081              |
╰----------------------------------------------------------------------------------+------------------+-------------------+--------------------+---------------------╯

